-1.0
-1.0
-1.0
-1.0
-1.0
-0.9333333333333333
-0.8285714285714286
-0.85
-0.8666666666666667
-0.8
-0.7454545454545455
-0.7333333333333333
-0.6923076923076923
-0.6571428571428571
-0.6266666666666667
-0.575
-0.5411764705882353
-0.5555555555555556
-0.5578947368421052
-0.52
-0.4857142857142857
-0.4909090909090909
-0.4782608695652174
-0.48333333333333334
-0.464
-0.45384615384615384
-0.4444444444444444
-0.44285714285714284
-0.4482758620689655
-0.44
-0.4129032258064516
-0.39375
-0.3878787878787879
-0.4
-0.3942857142857143
-0.4
-0.3945945945945946
-0.3894736842105263
-0.37435897435897436
