-0.42857142857142855
-0.16666666666666666
-0.11764705882352941
-0.13636363636363635
-0.14814814814814814
-0.15625
-0.1891891891891892
-0.19047619047619047
-0.19148936170212766
-0.11538461538461539
-0.10526315789473684
-0.04838709677419355
-0.05970149253731343
-0.06944444444444445
-0.05194805194805195
-0.012195121951219513
-0.022988505747126436
-0.05434782608695652
-0.061855670103092786
-0.06862745098039216
-0.07476635514018691
-0.09821428571428571
-0.11965811965811966
-0.12295081967213115
-0.11811023622047244
-0.11363636363636363
-0.11678832116788321
-0.11971830985915492
-0.09523809523809523
-0.09210526315789473
-0.09554140127388536
-0.09876543209876543
