-1.0
-0.4
-0.26666666666666666
-0.15
0.0
-0.06666666666666667
-0.11428571428571428
-0.075
-0.13333333333333333
-0.14
-0.14545454545454545
-0.2
-0.16923076923076924
-0.14285714285714285
-0.09333333333333334
-0.0625
-0.07058823529411765
-0.07777777777777778
-0.10526315789473684
-0.09
-0.11428571428571428
-0.10909090909090909
-0.13043478260869565
-0.16666666666666666
-0.192
-0.2
-0.1925925925925926
-0.20714285714285716
-0.2
-0.18
-0.1870967741935484
-0.2
-0.2
-0.19411764705882353
-0.18285714285714286
-0.17222222222222222
-0.17297297297297298
-0.19473684210526315
-0.20512820512820512
